1.8700903314960378
0.893742404298482
0.6134535297052516
0.46235845835733247
0.36351758216790614
0.2594951834901868
0.2041928307385839
0.16582302520031142
0.14741719277777837
0.144138949751822
0.09716302294191867
0.07381679075238858
0.04947956455084163
0.04210732492507884
0.03010449822264877
0.027867650167040642
0.02362374951610686
0.019726219883236435
0.022928735233880677
0.02011738176062366
0.029613078726072575
0.019111062824699872
0.014977633822970923
0.01371476900760994
0.013232729706913518
0.011325321355923347
0.010251084019838316
0.015452865566974214
0.00974111032031873
0.009181590029306684
0.008599785394457441
0.008164494097771294
0.007420791208625438
0.008552673177699602
0.006993925903465668
0.006947417490705799
0.006325968367457367
0.00596782914376213
0.006351730878430342
0.006239248682239027
0.006919690420857028
0.006011175845923353
0.008181256168320536
0.005700440237536045
0.005360823842126562
0.00505153530314271
0.004951836784292155
0.004886082868962781
0.004814434731973279
0.004392618002503794
0.004682589247305261
0.004479888156156911
0.0040946885595418685
0.004711041699647721
0.004778246165016462
0.004134126845715156
0.004100837740477751
0.004806361472759685
0.003964105479273533
0.004012191307652234
0.004627219102480876
0.003849213323007557
0.0036700370864152375
0.004749933437541105
0.003693759628435031
0.003972261674605011
0.0035455273553913463
0.0033843249978051334
0.0032598767109538306
0.0033762856854348184
0.0033157656646717235
0.0036222779116365593
0.003515008748863435
0.0032457681833682824
0.0035535197674094465
